-------------------------
q0 = 0.752727
q1 = -0.00458514
q2 = 0.00991897
q3 = -0.658242
latitude = 0
longitude = 0
altitude = 61.0115
height = -0.000160217
Vx = 0
Vy = 0
Vz = 0.00242119
yaw = 0
