-------------------------
q0 = 0.746208
q1 = -0.00188675
q2 = 0.00862535
q3 = -0.665655
latitude = 0
longitude = 0
altitude = 63.9382
height = 0
Vx = 0
Vy = 0
Vz = -0.00728445
yaw = 0
