-------------------------
q0 = 0
q1 = 0
q2 = 0
q3 = 0
latitude = 0
longitude = 0
height = 4.06377e-43
Vx = 1.65928e-41
Vy = 2.64456e+20
Vz = 2.35855e-38
yaw = 0
-------------------------
q0 = 0
q1 = 0
q2 = 0
q3 = 0
latitude = 0
longitude = 0
height = 4.06377e-43
Vx = 1.65928e-41
Vy = 2.64456e+20
Vz = 2.35855e-38
yaw = 0
-------------------------
q0 = 0
q1 = 0
q2 = 0
q3 = 0
latitude = 0
longitude = 0
height = 4.06377e-43
Vx = 1.65928e-41
Vy = 2.64456e+20
Vz = 2.35855e-38
yaw = 0
