-------------------------
q0 = 0.753149
q1 = -0.0028058
q2 = 0.00954157
q3 = -0.657774
latitude = 0
longitude = 0
altitude = 60.9792
height = -4.57764e-05
Vx = 0
Vy = 0
Vz = -0.000269867
yaw = 0
