-------------------------
q0 = 0.745491
q1 = -0.00361848
q2 = 0.00661239
q3 = -0.666474
latitude = 0
longitude = 0
altitude = 63.9284
height = 0.00569916
Vx = 0
Vy = 0
Vz = -0.0357267
yaw = 0
